88.87178072438621
86.79856036308202
92.74054367447904
90.47896859312596
91.75758074362605
89.15024937401229
87.32592554781002
84.25562152213264
85.01023578374419
91.81444223923815
93.04306379651459
92.81432634191032
92.52210824744367
92.32088792033124
85.18558642031327
90.41567484666344
89.00880053470262
85.43364694242646
87.2834482097191
81.27399375238164
82.21562253193295
82.59520980588334
91.48809256006653
91.90678431282913
91.94420602008809
90.1789314419349
91.45237515287128
90.49776620853072
90.69637651139661
91.55979827150695
83.08835160294757
83.11503259062751
82.46871540198724
84.64815517253574
88.92484571054855
87.34719226440815
77.90868775640207
78.9864982486221
79.44198944323566
80.05845167928135
90.52954719779807
90.56062734988414
86.95906904640691
88.42910398078654
89.57957048248572
90.38311645379473
79.3649211226572
89.21267866476161
87.56609388395651
88.44121205362244
85.75674777907031
83.71593267605625
88.52335098875724
88.98043564825282
80.2294763865523
79.57006738367738
78.89509764303966
81.31571662466881
85.16242440757296
75.89508841082852
74.22740983851429
75.3858262104036
74.59649706330318
76.74956158885325
72.08352636419373
74.50974334382175
76.98633524279913
87.60717504792946
84.34777298397346
86.22634573335546
86.56285425504936
87.45000374588112
88.0862387901107
76.32605975236447
78.84422510312771
81.55433490166526
87.02658087298592
85.66645601473928
85.46029159854558
82.57601901843404
86.29099548730066
85.24539637387687
83.65485683344924
76.0906941320748
76.03961477702879
76.70321459587628
79.63408391487576
82.14757103857693
71.94327483271624
72.47384526376672
69.99605661459293
70.22772773232553
70.48400698888663
72.88083968325782
70.66298636403577
69.55770974989613
68.75322585850581
67.0017403163988
64.50328636838245
62.12737840629675
60.45894641012702
71.38648352626656
73.60694541919389
84.68985661600347
79.03584536547972
82.59733644891332
84.18901404576843
74.54157521388525
76.81511061972607
79.65899078055949
83.15534743037064
84.46638542123915
83.14984725524636
82.76066347789288
80.08136575023714
83.40591180503785
81.93407822217824
80.1222600822408
72.21215497785921
73.21157023181188
73.04981795485473
70.04565042809682
76.21275975484477
72.57996640617314
67.50015304487569
68.00685313943224
65.15790104481624
65.50254223580913
65.83592556898547
68.56024029585119
66.21742884563466
67.96007363512471
59.53985210879682
54.23575596475499
56.76952319850374
68.60920618078453
65.67308070414643
66.07264979217472
63.4534360824819
60.95944188356929
58.2573370425636
72.05039350848128
70.57261096342219
66.04095301002233
75.33401859133811
81.0664407087365
78.36072017258792
79.99008225534922
73.31251782387258
76.80565777235448
76.48798694943503
80.38936382278197
81.28890191726987
77.4998361496775
79.8596323013557
76.97315159645021
75.87757963129006
76.02532178011263
69.18954972336897
66.6384469426625
68.91267385965452
64.76298951334171
72.015669129358
68.33010479726012
62.45852464143127
64.73407668322778
62.95004916454723
59.76710876172847
60.186779139364255
60.59915215668297
59.92433104091578
63.74509671508046
62.01089277059304
61.44101963844635
51.66911401855304
42.284108982050256
45.705692900720265
48.81871944643215
52.44397682945268
55.442417096660144
52.7726862830987
63.534582454070474
62.319786612948285
60.95788332737179
59.6059483455213
56.69849046783835
53.72094600869027
60.05353556948672
69.46108886460704
62.09759171355626
66.30957803751575
70.64481417030018
69.28106419809372
72.37627999829435
74.79615611520437
76.50623393835897
72.25041025094542
73.05574384661956
76.70086593169971
73.7530311239799
71.25141847713502
71.37476051928554
70.53614813162818
72.12095240638637
71.1934953016976
71.36067938441695
62.07009686606411
60.17731605212389
64.2134339536624
59.68575043286873
65.3435308921521
61.584341005596045
38.49750998436309
56.84932689063222
59.91965019373792
57.17552225627865
57.35659131098815
53.846931815365025
54.78192235892076
54.326342422754145
58.305995215606295
56.26100745079061
54.33696902918227
56.51579258352642
54.66636801250535
39.850211274774416
49.70482466084668
43.453964778152525
46.71000815593884
50.02939768481672
40.66529782026106
50.738218459602656
47.7033547878344
58.69175361090561
48.88939878035946
57.24630186678395
55.15340539617885
52.183308904614826
55.86083228393446
57.52029953375237
65.91642378445806
59.64916274193151
67.23007853603795
64.09173735391012
59.747351397514365
68.72406273346591
64.07113935797774
71.06612100807017
67.94129761257443
68.5558159962696
70.76357348369976
64.81223562823189
65.37391400884422
65.47163541911054
66.39043654540032
65.83465423882974
55.208566400923665
54.77373119940646
56.63191047689669
51.72221126575173
52.938572109901024
54.518679488931724
58.36142141171517
34.324137002462486
35.86082371921786
50.70682596294786
52.73517178746117
50.28275538908038
52.275225268655
47.38627169313417
52.26014876708427
48.40971472457196
47.9083414092905
50.398643574062156
51.77770090004093
48.106185669827646
48.77381338046116
36.87137668906146
47.112063666406996
44.04317525176973
44.54578247780868
41.11849601477014
37.44256304181951
45.32848688610148
42.300374512729526
43.32313448540291
54.28824639958974
46.140892266060206
52.71099383718242
49.842858599452555
51.220458118082064
53.24781827910265
61.437470952162336
55.12973184057482
61.34562172518304
59.00860947482098
54.06060159894916
60.635825267749006
66.10224485478659
62.79668665098481
63.455362408309796
60.65546284747808
60.310465438751514
59.03112183703227
58.95675745822223
59.62511931157198
49.50346189426373
43.88587535388308
47.28935450282253
47.299838525369815
43.508234849718924
49.526050441738455
49.16948062296686
48.57738475075278
44.13772932601223
25.077955273082818
31.48628579525367
29.74836925792255
32.69923070960963
20.688899418946963
48.05711471581943
44.086978308361026
45.27998793913217
44.50688260551703
45.62003805401214
46.79003341627899
40.50547214588634
43.71387192453373
41.5209275552895
37.585357120912974
41.34114508732655
45.34760331391208
42.2246020158012
33.36151550680571
41.24260562348144
39.27950969349473
37.64079028529025
33.6211960896217
39.28777352565857
36.65429746136587
37.312282690596625
37.82434580335776
48.54780079414638
46.805522377300576
42.44696513568959
45.51667373172059
37.63373836151244
44.73571906132705
46.41257128723307
48.231945413165114
55.59225612638834
47.631355783778346
54.376439776370354
51.797886140173965
44.29919487845175
53.67361101214943
57.19597733778377
54.00193071689564
53.8901732417358
50.45711672548948
53.042148318225514
52.01445958404341
52.87535035813178
41.241398019581545
37.80003960814898
39.485329130882576
33.79986765692557
39.420264402045035
43.243176942144785
43.52258454136726
36.26104719479385
37.42227932046963
23.64061901934713
28.203160636245265
28.90453509660471
16.586044085453814
19.326614171058715
40.45309352168619
41.22686968665057
37.1441393371329
37.48322965017298
36.49480075982345
38.31914905189502
38.338536414325205
37.51769706336904
33.26462329564176
37.082024026872574
35.542691897532315
31.527548755003224
34.21640616542905
29.84396240562653
32.13121938866634
36.68858975348268
35.07051211753579
29.240928860473698
35.18673917502842
32.12706182246793
31.586651791535946
26.779823768063387
33.29034077894702
28.44111209881813
30.769913793125962
32.464150666497694
42.524093898833186
37.489762602696544
29.999564308847507
38.3769420151942
39.23111139323483
40.77518385733016
40.69525658256324
47.02167846268042
38.985200760355646
48.99273938065517
45.52718529079713
39.659285865955894
45.62108110492381
45.7074496660655
45.238213961987704
42.16744786572547
43.213856776307544
45.30058505518031
28.3577734625572
31.359787647771437
34.71933617901755
29.982595364395003
32.47853688005675
27.865879372420853
28.87346782306475
35.63338086742243
30.21940029666185
30.343996836039057
31.918642029645437
21.98037646833775
24.566694275069896
12.868655556991264
9.719456371900433
15.279161582567594
15.350780698582328
7.468131008423264
5.88744593189606
34.10099158664912
32.19599940545565
31.024138243628194
28.00633493257894
30.126969483186752
30.387390602128583
30.112499184014045
25.541667916991127
29.84548479710731
29.230072898403293
23.828495660233134
24.356183815227137
26.379799008076958
22.146532454731677
24.416947929398848
27.309911168465575
22.536702993149486
28.94793930358498
23.854908651585305
23.666410232346866
19.842024861159807
25.722364356422236
22.010259626990063
23.731212551918613
22.436440192873995
32.29075114783068
24.25986095626924
31.794120641556656
32.7663535227273
32.285914073873236
30.356354493303318
38.07947562683317
29.245159601618965
40.74707030546754
38.14828329537074
30.705764449933074
37.16173655356379
36.221357738379936
35.85795356311761
33.031840726412334
36.35744341257196
22.457378006501614
24.375276886003583
22.831515538712623
20.63795645824226
27.98137946887404
25.192572380195745
21.648868960364442
23.2549055438647
19.961589887712336
27.337655073070373
23.233696092893517
23.8442012268764
24.077519734880234
23.51932159901902
19.75088009207331
15.03160691474134
17.6231750971737
11.627145584571604
8.557183303784338
11.210730551656736
6.350554660545765
10.584967626243666
5.156857818563474
4.549548633356676
4.103748239839355
3.2468441829415506
20.958484212761448
25.2481566490818
24.235543952397563
21.059616187523716
19.854891671478416
21.27094212421006
21.40516170937537
21.785987867155594
19.493245058927002
17.327635190143535
20.598552470575616
14.395064958870298
15.868698305234533
18.17751699391812
11.840988582889372
19.060573737986708
16.359986472024517
16.327144807666933
15.024255546925401
21.767095153229924
18.216472081589767
16.364323737543167
10.337323469497612
17.648422166652725
16.822457103765604
11.207927473665904
12.36090138607125
18.44666835710225
17.090667253615695
15.492369987743826
24.102478054458878
16.379760553555187
24.103868861497844
23.09646483539688
22.633032958021417
22.3548031565004
29.99541097602036
21.844592672350217
26.48693350800404
28.204642761880223
20.944645207406154
27.057823280181093
25.582935832044
21.529197917752906
25.856521584641797
13.311275676742676
16.80570423527009
15.753109320354712
14.005378239342116
11.4368144079361
17.654617487340815
15.327781829360264
13.659093658532559
17.335317955596565
12.390666342228336
16.647210254444722
15.379694313950298
16.550082720989238
16.398033576550848
14.591814225834632
12.360632933945949
7.4791284417973305
8.609615359240221
5.529449774891406
6.1177288035736055
3.7823183193902037
4.130623653713893
2.6037292471917075
2.828844648442161
1.810307955394737
1.9847362552256262
1.999418759566258
1.317247162994041
0.8891596977761308
13.866007045792667
17.713312229569297
10.80632337684966
10.990186518749576
11.74261487947059
11.76254887179579
9.382525235990821
10.796121795721254
8.358164754705289
9.956571478433977
10.544913006048786
6.995930974729592
5.142599440308334
5.039293733958803
5.1136896425080645
6.730279212339191
9.663363452588404
8.041861942068063
6.002682676330206
12.030993381673587
6.884379210357952
7.78316669080454
4.352783019287485
10.52680280419514
5.13175859720522
6.194480283832813
11.003529875403228
9.384417097926624
9.279613413661627
15.17531413228439
7.548705368928508
11.957546750965125
10.333341184276367
9.746793356460023
11.256605211306695
20.941165388663656
6.3788540004216605
13.986804107142273
17.755326629444156
10.29751916224941
14.735741267613696
14.13226354407924
11.429538764406526
6.643977717516709
2.679372618096415
8.539799751775464
8.880460962596295
7.296331574268808
5.797135328454055
5.576462309840519
7.30481552117714
8.397568950862063
5.719941892200887
6.613273764709712
9.130589475147735
7.979944935948965
8.72864589356749
7.564762111319921
6.007525059008298
0.4999775010124544